37.599
35.212
14.612
6.514
2.739
1.282
0.545
0.32
0.209
0.166
0.122
0.092
0.088
0.056
0.048
0.044
0.042
0.039
0.028
0.033
0.023
0.009
0.021
0.005
0.021
0.017
0.008
0.013
0.004
0.007
0.007
0.004
0.004
0.005
0.003
0.001
0.003
0.003
0.003
0.003
0.003
0.003
0.0
0.0
0.003
0.0
0.003
0.001
0.001
0.0
0.001
0.0
0.0
0.0
0.0
0.001
0.0
0.0
0.0
0.0
0.001
0.001
0.0
0.004
0.0
0.0
0.0
0.0
0.0
0.001
0.0
0.0
0.0
0.0
0.0
0.0
0.001
0.0
0.0
0.0
0.0
0.0
0.0
0.0
0.0
0.001
0.0
0.001
0.0
0.0
0.0
0.0
0.0
0.0
0.0
0.001
0.0
0.0
0.0
0.0
0.0
0.0
0.0
0.0
0.0
0.0
0.0
0.0
0.0
0.001
0.0
0.0
0.0
0.001
0.0
0.0
0.0
0.001
0.001
0.0
0.0
0.0
0.0
0.0
0.0
0.0
0.0
0.0
0.0
0.0
0.0
0.0
0.0
0.0
0.0
0.0
0.001
0.0
0.0
0.0
0.0
0.0
0.0
0.0
0.0
0.0
0.0
0.0
0.0
0.001
0.0
0.0
0.0
0.0
0.0
0.0
0.0
0.0
0.0
0.0
0.0
0.0
0.0
0.0
0.0
0.001
0.0
0.0
0.0
0.0
0.0
0.0
0.0
0.0
0.001
0.0
0.0
0.0
0.0
0.0
0.0
0.0
0.0
0.0
0.0
0.0
0.0
0.0
0.0
0.0
0.0
0.0
0.001
0.0
0.0
0.0
0.0
0.001
0.0
