10.552
19.792
16.483
12.761
10.078
7.667
5.749
4.45
3.144
2.332
1.718
1.323
0.984
0.717
0.537
0.388
0.32
0.18
0.135
0.12
0.1
0.073
0.057
0.061
0.049
0.033
0.036
0.024
0.009
0.014
0.007
0.01
0.007
0.007
0.003
0.007
0.002
0.0
0.0
0.005
0.003
0.002
0.003
0.0
0.003
0.005
0.002
0.003
0.0
0.0
0.0
0.0
0.0
0.0
0.0
0.002
0.002
0.002
0.0
0.0
0.0
0.0
0.0
0.0
0.0
0.0
0.0
0.002
0.002
0.0
0.0
0.002
0.0
0.0
0.0
0.0
0.0
0.0
0.002
0.0
0.0
0.002
0.0
0.0
0.002
0.0
0.002
0.0
0.0
0.0
0.0
0.0
0.002
0.0
0.0
0.0
0.0
0.0
0.0
0.002
0.0
0.0
0.0
0.002
0.0
0.002
0.002
0.002
0.0
0.0
0.0
0.0
0.0
0.002
0.0
0.0
0.0
0.002
0.0
0.0
0.0
0.002
0.0
0.0
0.0
0.0
0.0
0.0
0.0
0.0
0.0
0.0
0.0
0.0
0.0
0.0
0.0
0.0
0.0
0.0
0.0
0.0
0.0
0.0
0.0
0.0
0.0
0.0
0.0
0.0
0.0
0.0
0.002
0.002
0.002
0.0
0.0
0.0
0.0
0.0
0.0
0.0
0.0
0.0
0.0
0.0
0.0
0.0
0.0
0.0
0.0
0.0
0.0
0.0
0.0
0.0
0.0
0.0
0.0
0.0
0.0
0.0
0.0
0.0
0.0
0.0
0.0
0.0
0.0
0.0
0.0
0.003
0.0
0.002
0.0
0.0
0.0
0.0
0.0
